 $DATA  
Title goes here                                                                 
DNH      3

H           1.0     -0.3464100000     -0.6000000000      0.0000000000
   ACCD    0
        
 $END      
-------------------- DATA FROM NSERCH=   0 --------------------
 COORDINATES OF SYMMETRY UNIQUE ATOMS (ANGS)
   ATOM   CHARGE       X              Y              Z
 ------------------------------------------------------------
 H           1.0  -0.3464100000  -0.6000000000   0.0000000000
--- OPEN SHELL ORBITALS --- GENERATED AT Fri Oct 26 02:00:09 2018
Title goes here                                                                 
E(UHF)=       -1.3650925831, E(NUC)=    1.3229432773,   14 ITERS
 $VEC   
 1  1 3.32380912E-01 1.01273337E-01-3.31534982E-02 0.00000000E+00 0.00000000E+00
 1  2-8.00407578E-04-2.71169071E-02 0.00000000E+00 0.00000000E+00 3.32380912E-01
 1  3 1.01273337E-01 1.65767491E-02-2.87117717E-02 0.00000000E+00-8.00407578E-04
 1  4 1.35584536E-02-2.34839304E-02 0.00000000E+00 3.32380912E-01 1.01273337E-01
 1  5 1.65767491E-02 2.87117717E-02 0.00000000E+00-8.00407578E-04 1.35584536E-02
 1  6 2.34839304E-02 0.00000000E+00
 2  1-8.61778595E-02-1.59726356E-01 1.81062121E-02 0.00000000E+00 0.00000000E+00
 2  2 4.33927809E-01 3.83978187E-02 0.00000000E+00 0.00000000E+00-8.61778595E-02
 2  3-1.59726356E-01-9.05310605E-03 1.56804396E-02 0.00000000E+00 4.33927809E-01
 2  4-1.91989094E-02 3.32534865E-02 0.00000000E+00-8.61778595E-02-1.59726356E-01
 2  5-9.05310605E-03-1.56804396E-02 0.00000000E+00 4.33927809E-01-1.91989094E-02
 2  6-3.32534865E-02 0.00000000E+00
 3  1 3.40727879E-01 5.32858943E-01 9.50527765E-03 0.00000000E+00 0.00000000E+00
 3  2 1.13659885E+00 4.44581172E-02 0.00000000E+00 0.00000000E+00-1.70363939E-01
 3  3-2.66429471E-01 2.17025884E-02 7.04212066E-03 0.00000000E+00-5.68299423E-01
 3  4 6.94745213E-02 1.44432276E-02 0.00000000E+00-1.70363939E-01-2.66429471E-01
 3  5 2.17025884E-02-7.04212066E-03 0.00000000E+00-5.68299423E-01 6.94745213E-02
 3  6-1.44432276E-02 0.00000000E+00
 4  1 0.00000000E+00 0.00000000E+00 0.00000000E+00-2.57683587E-02 0.00000000E+00
 4  2 0.00000000E+00 0.00000000E+00-7.78133227E-02 0.00000000E+00-2.95078999E-01
 4  3-4.61469381E-01-7.04212066E-03-1.35710479E-02 0.00000000E+00-9.84323474E-01
 4  4-1.44432276E-02-5.27969186E-02 0.00000000E+00 2.95078999E-01 4.61469381E-01
 4  5 7.04212066E-03-1.35710479E-02 0.00000000E+00 9.84323474E-01 1.44432276E-02
 4  6-5.27969186E-02 0.00000000E+00
 5  1-2.55155942E-01-8.83175232E-01 2.06587123E-03 0.00000000E+00 0.00000000E+00
 5  2 3.33853777E+00-2.07393688E-02 0.00000000E+00 0.00000000E+00 1.27577971E-01
 5  3 4.41587616E-01-1.06707422E-02-7.35348718E-03 0.00000000E+00-1.66926888E+00
 5  4-4.32565378E-02-1.30002935E-02 0.00000000E+00 1.27577971E-01 4.41587616E-01
 5  5-1.06707422E-02 7.35348718E-03 0.00000000E+00-1.66926888E+00-4.32565378E-02
 5  6 1.30002935E-02 0.00000000E+00
 6  1 0.00000000E+00 0.00000000E+00 0.00000000E+00 1.49162800E-02 0.00000000E+00
 6  2 0.00000000E+00 0.00000000E+00 5.07622607E-02 0.00000000E+00 2.20971528E-01
 6  3 7.64852187E-01 7.35348718E-03 2.17966657E-03 0.00000000E+00-2.89125852E+00
 6  4 1.30002935E-02 2.82450918E-02 0.00000000E+00-2.20971528E-01-7.64852187E-01
 6  5-7.35348718E-03 2.17966657E-03 0.00000000E+00 2.89125852E+00-1.30002935E-02
 6  6 2.82450918E-02 0.00000000E+00
 7  1 0.00000000E+00 0.00000000E+00 0.00000000E+00 0.00000000E+00 9.69328550E-03
 7  2 0.00000000E+00 0.00000000E+00 0.00000000E+00 3.69308273E-01 0.00000000E+00
 7  3 0.00000000E+00 0.00000000E+00 0.00000000E+00 9.69328550E-03 0.00000000E+00
 7  4 0.00000000E+00 0.00000000E+00 3.69308273E-01 0.00000000E+00 0.00000000E+00
 7  5 0.00000000E+00 0.00000000E+00 9.69328550E-03 0.00000000E+00 0.00000000E+00
 7  6 0.00000000E+00 3.69308273E-01
 8  1-1.17702617E-01 7.67874570E-01 7.44662312E-03 0.00000000E+00 0.00000000E+00
 8  2-4.01808176E-01 7.02511122E-01 0.00000000E+00 0.00000000E+00-1.17702617E-01
 8  3 7.67874570E-01-3.72331156E-03 6.44896479E-03 0.00000000E+00-4.01808176E-01
 8  4-3.51255561E-01 6.08392478E-01 0.00000000E+00-1.17702617E-01 7.67874570E-01
 8  5-3.72331156E-03-6.44896479E-03 0.00000000E+00-4.01808176E-01-3.51255561E-01
 8  6-6.08392478E-01 0.00000000E+00
 9  1 4.75133666E-02 2.44815310E+00 2.82782979E-03 0.00000000E+00 0.00000000E+00
 9  2-5.49763803E-03-1.98575358E-01 0.00000000E+00 0.00000000E+00-2.37566833E-02
 9  3-1.22407655E+00 8.25500084E-03 3.13337867E-03 0.00000000E+00 2.74881901E-03
 9  4-8.98752799E-01-4.04247634E-01 0.00000000E+00-2.37566833E-02-1.22407655E+00
 9  5 8.25500084E-03-3.13337867E-03 0.00000000E+00 2.74881901E-03-8.98752799E-01
 9  6 4.04247634E-01 0.00000000E+00
10  1 0.00000000E+00 0.00000000E+00 0.00000000E+00-1.00640579E-02 0.00000000E+00
10  2 0.00000000E+00 0.00000000E+00 1.13214528E+00 0.00000000E+00-4.11477825E-02
10  3-2.12016278E+00-3.13337867E-03-4.63688680E-03 0.00000000E+00 4.76109419E-03
10  4 4.04247634E-01 4.31967838E-01 0.00000000E+00 4.11477825E-02 2.12016278E+00
10  5 3.13337867E-03-4.63688680E-03 0.00000000E+00-4.76109419E-03-4.04247634E-01
10  6 4.31967838E-01 0.00000000E+00
11  1 0.00000000E+00 0.00000000E+00 0.00000000E+00 0.00000000E+00 0.00000000E+00
11  2 0.00000000E+00 0.00000000E+00 0.00000000E+00 0.00000000E+00 0.00000000E+00
11  3 0.00000000E+00 0.00000000E+00 0.00000000E+00 1.82791761E-02 0.00000000E+00
11  4 0.00000000E+00 0.00000000E+00-1.29477473E+00 0.00000000E+00 0.00000000E+00
11  5 0.00000000E+00 0.00000000E+00-1.82791761E-02 0.00000000E+00 0.00000000E+00
11  6 0.00000000E+00 1.29477473E+00
12  1 0.00000000E+00 0.00000000E+00 0.00000000E+00 0.00000000E+00-2.11069745E-02
12  2 0.00000000E+00 0.00000000E+00 0.00000000E+00 1.49507708E+00 0.00000000E+00
12  3 0.00000000E+00 0.00000000E+00 0.00000000E+00 1.05534873E-02 0.00000000E+00
12  4 0.00000000E+00 0.00000000E+00-7.47538540E-01 0.00000000E+00 0.00000000E+00
12  5 0.00000000E+00 0.00000000E+00 1.05534873E-02 0.00000000E+00 0.00000000E+00
12  6 0.00000000E+00-7.47538540E-01
13  1 0.00000000E+00 0.00000000E+00 0.00000000E+00-2.41222201E-02 0.00000000E+00
13  2 0.00000000E+00 0.00000000E+00 2.56274533E+00 0.00000000E+00 0.00000000E+00
13  3 0.00000000E+00 2.08904554E-02 1.20611101E-02 0.00000000E+00 0.00000000E+00
13  4-2.21940256E+00-1.28137266E+00 0.00000000E+00 0.00000000E+00 0.00000000E+00
13  5-2.08904554E-02 1.20611101E-02 0.00000000E+00 0.00000000E+00 2.21940256E+00
13  6-1.28137266E+00 0.00000000E+00
14  1 4.18102042E-01 1.45000514E+01 5.06417550E-02 0.00000000E+00 0.00000000E+00
14  2 1.00781957E+00-6.35004896E+00 0.00000000E+00 0.00000000E+00-2.09051021E-01
14  3-7.25002568E+00 4.22297215E-02-4.85668982E-03 0.00000000E+00-5.03909785E-01
14  4-3.28672289E+00 1.76861213E+00 0.00000000E+00-2.09051021E-01-7.25002568E+00
14  5 4.22297215E-02 4.85668982E-03 0.00000000E+00-5.03909785E-01-3.28672289E+00
14  6-1.76861213E+00 0.00000000E+00
15  1 0.00000000E+00 0.00000000E+00 0.00000000E+00-3.94257103E-02 0.00000000E+00
15  2 0.00000000E+00 0.00000000E+00 2.26561420E+00 0.00000000E+00-3.62086990E-01
15  3-1.25574128E+01 4.85668982E-03-4.78377439E-02 0.00000000E+00-8.72797351E-01
15  4-1.76861213E+00 5.32894027E+00 0.00000000E+00 3.62086990E-01 1.25574128E+01
15  5-4.85668982E-03-4.78377439E-02 0.00000000E+00 8.72797351E-01 1.76861213E+00
15  6 5.32894027E+00 0.00000000E+00
16  1-1.06118644E+00 1.33155555E+01-8.02147378E-02 0.00000000E+00 0.00000000E+00
16  2-1.22304461E+00-4.62610693E+00 0.00000000E+00 0.00000000E+00 5.30593221E-01
16  3-6.65777777E+00-9.51949983E-02-8.64885744E-03 0.00000000E+00 6.11522306E-01
16  4-2.39775206E+00 1.28654128E+00 0.00000000E+00 5.30593221E-01-6.65777777E+00
16  5-9.51949983E-02 8.64885744E-03 0.00000000E+00 6.11522306E-01-2.39775206E+00
16  6-1.28654128E+00 0.00000000E+00
17  1 0.00000000E+00 0.00000000E+00 0.00000000E+00 1.00188418E-01 0.00000000E+00
17  2 0.00000000E+00 0.00000000E+00 1.65496710E+00 0.00000000E+00 9.19014417E-01
17  3-1.15316094E+01 8.64885744E-03 8.52081580E-02 0.00000000E+00 1.05918770E+00
17  4-1.28654128E+00 3.88332197E+00 0.00000000E+00-9.19014417E-01 1.15316094E+01
17  5-8.64885744E-03 8.52081580E-02 0.00000000E+00-1.05918770E+00 1.28654128E+00
17  6 3.88332197E+00 0.00000000E+00
18  1 8.08333904E-01-4.27515666E-01-1.26700758E-01 0.00000000E+00 0.00000000E+00
18  2 9.30373564E-02 6.61267381E-01 0.00000000E+00 0.00000000E+00 8.08333904E-01
18  3-4.27515666E-01 6.33503789E-02-1.09726075E-01 0.00000000E+00 9.30373564E-02
18  4-3.30633691E-01 5.72674351E-01 0.00000000E+00 8.08333904E-01-4.27515666E-01
18  5 6.33503789E-02 1.09726075E-01 0.00000000E+00 9.30373564E-02-3.30633691E-01
18  6-5.72674351E-01 0.00000000E+00
19  1 0.00000000E+00 0.00000000E+00 0.00000000E+00 0.00000000E+00 6.05286164E-01
19  2 0.00000000E+00 0.00000000E+00 0.00000000E+00-2.53163771E-01 0.00000000E+00
19  3 0.00000000E+00 0.00000000E+00 0.00000000E+00 6.05286164E-01 0.00000000E+00
19  4 0.00000000E+00 0.00000000E+00-2.53163771E-01 0.00000000E+00 0.00000000E+00
19  5 0.00000000E+00 0.00000000E+00 6.05286164E-01 0.00000000E+00 0.00000000E+00
19  6 0.00000000E+00-2.53163771E-01
20  1 3.38721501E-01-3.76770422E-01 5.15504235E-01 0.00000000E+00 0.00000000E+00
20  2 1.29220965E-01-3.16644405E-01 0.00000000E+00 0.00000000E+00 3.38721501E-01
20  3-3.76770422E-01-2.57752118E-01 4.46439763E-01 0.00000000E+00 1.29220965E-01
20  4 1.58322202E-01-2.74222099E-01 0.00000000E+00 3.38721501E-01-3.76770422E-01
20  5-2.57752118E-01-4.46439763E-01 0.00000000E+00 1.29220965E-01 1.58322202E-01
20  6 2.74222099E-01 0.00000000E+00
21  1 1.66703815E-01 1.21898924E+00 3.11123222E-01 0.00000000E+00 0.00000000E+00
21  2-5.98540394E-02-8.50998322E-01 0.00000000E+00 0.00000000E+00-8.33519077E-02
21  3-6.09494620E-01-5.03921145E-01-4.70566085E-01 0.00000000E+00 2.99270197E-02
21  4-2.17176096E-02 4.78785442E-01 0.00000000E+00-8.33519077E-02-6.09494620E-01
21  5-5.03921145E-01 4.70566085E-01 0.00000000E+00 2.99270197E-02-2.17176096E-02
21  6-4.78785442E-01 0.00000000E+00
22  1 0.00000000E+00 0.00000000E+00 0.00000000E+00 7.75602601E-01 0.00000000E+00
22  2 0.00000000E+00 0.00000000E+00-2.54709295E-01 0.00000000E+00-1.44369739E-01
22  3-1.05567565E+00 4.70566085E-01-3.94417660E-02 0.00000000E+00 5.18351186E-02
22  4-4.78785442E-01 5.74571418E-01 0.00000000E+00 1.44369739E-01 1.05567565E+00
22  5-4.70566085E-01-3.94417660E-02 0.00000000E+00-5.18351186E-02 4.78785442E-01
22  6 5.74571418E-01 0.00000000E+00
23  1 0.00000000E+00 0.00000000E+00 0.00000000E+00 0.00000000E+00 0.00000000E+00
23  2 0.00000000E+00 0.00000000E+00 0.00000000E+00 0.00000000E+00 0.00000000E+00
23  3 0.00000000E+00 0.00000000E+00 0.00000000E+00-8.46837151E-01 0.00000000E+00
23  4 0.00000000E+00 0.00000000E+00 5.64833478E-01 0.00000000E+00 0.00000000E+00
23  5 0.00000000E+00 0.00000000E+00 8.46837151E-01 0.00000000E+00 0.00000000E+00
23  6 0.00000000E+00-5.64833478E-01
24  1 0.00000000E+00 0.00000000E+00 0.00000000E+00 0.00000000E+00 9.77843314E-01
24  2 0.00000000E+00 0.00000000E+00 0.00000000E+00-6.52213521E-01 0.00000000E+00
24  3 0.00000000E+00 0.00000000E+00 0.00000000E+00-4.88921657E-01 0.00000000E+00
24  4 0.00000000E+00 0.00000000E+00 3.26106761E-01 0.00000000E+00 0.00000000E+00
24  5 0.00000000E+00 0.00000000E+00-4.88921657E-01 0.00000000E+00 0.00000000E+00
24  6 0.00000000E+00 3.26106761E-01
25  1 0.00000000E+00 0.00000000E+00 0.00000000E+00-8.22531906E-01 0.00000000E+00
25  2 0.00000000E+00 0.00000000E+00 8.48314524E-01 0.00000000E+00 0.00000000E+00
25  3 0.00000000E+00 7.12333526E-01 4.11265953E-01 0.00000000E+00 0.00000000E+00
25  4-7.34661928E-01-4.24157262E-01 0.00000000E+00 0.00000000E+00 0.00000000E+00
25  5-7.12333526E-01 4.11265953E-01 0.00000000E+00 0.00000000E+00 7.34661928E-01
25  6-4.24157262E-01 0.00000000E+00
26  1-5.13875315E-01 2.58732789E+00 1.24789234E+00 0.00000000E+00 0.00000000E+00
26  2 4.01561540E-01-1.29772503E+00 0.00000000E+00 0.00000000E+00 2.56937657E-01
26  3-1.29366394E+00 7.17366144E-01-3.06299440E-01 0.00000000E+00-2.00780770E-01
26  4-7.05120226E-01 3.42140545E-01 0.00000000E+00 2.56937657E-01-1.29366394E+00
26  5 7.17366144E-01 3.06299440E-01 0.00000000E+00-2.00780770E-01-7.05120226E-01
26  6-3.42140545E-01 0.00000000E+00
27  1 0.00000000E+00 0.00000000E+00 0.00000000E+00-5.40524080E-01 0.00000000E+00
27  2 0.00000000E+00 0.00000000E+00 5.07585291E-01 0.00000000E+00 4.45029077E-01
27  3-2.24069168E+00 3.06299440E-01-1.07105027E+00 0.00000000E+00-3.47762495E-01
27  4-3.42140545E-01 1.10019010E+00 0.00000000E+00-4.45029077E-01 2.24069168E+00
27  5-3.06299440E-01-1.07105027E+00 0.00000000E+00 3.47762495E-01 3.42140545E-01
27  6 1.10019010E+00 0.00000000E+00
 1  1 3.27424316E-01 1.06706885E-01-3.01028616E-02 0.00000000E+00 0.00000000E+00
 1  2-7.99661338E-04-2.71823598E-02 0.00000000E+00 0.00000000E+00 3.27424316E-01
 1  3 1.06706885E-01 1.50514308E-02-2.60698429E-02 0.00000000E+00-7.99661338E-04
 1  4 1.35911799E-02-2.35406141E-02 0.00000000E+00 3.27424316E-01 1.06706885E-01
 1  5 1.50514308E-02 2.60698429E-02 0.00000000E+00-7.99661338E-04 1.35911799E-02
 1  6 2.35406141E-02 0.00000000E+00
 2  1 3.76036027E-01 6.77565689E-01 1.20021462E-02 0.00000000E+00 0.00000000E+00
 2  2 7.90233697E-01 1.37377988E-02 0.00000000E+00 0.00000000E+00-1.88018013E-01
 2  3-3.38782845E-01 2.49327639E-02 7.46549560E-03 0.00000000E+00-3.95116849E-01
 2  4 5.80250625E-02 2.55692636E-02 0.00000000E+00-1.88018013E-01-3.38782845E-01
 2  5 2.49327639E-02-7.46549560E-03 0.00000000E+00-3.95116849E-01 5.80250625E-02
 2  6-2.55692636E-02 0.00000000E+00
 3  1 0.00000000E+00 0.00000000E+00 0.00000000E+00-2.92429698E-02 0.00000000E+00
 3  2 0.00000000E+00 0.00000000E+00-7.27874837E-02 0.00000000E+00-3.25656752E-01
 3  3-5.86789100E-01-7.46549560E-03-1.63123521E-02 0.00000000E+00-6.84362457E-01
 3  4-2.55692636E-02-2.85002200E-02 0.00000000E+00 3.25656752E-01 5.86789100E-01
 3  5 7.46549560E-03-1.63123521E-02 0.00000000E+00 6.84362457E-01 2.55692636E-02
 3  6-2.85002200E-02 0.00000000E+00
 4  1-6.83666440E-02-2.20370853E-01 1.66636734E-02 0.00000000E+00 0.00000000E+00
 4  2 4.62590651E-01-2.65066591E-03 0.00000000E+00 0.00000000E+00-6.83666440E-02
 4  3-2.20370853E-01-8.33183671E-03 1.44311645E-02 0.00000000E+00 4.62590651E-01
 4  4 1.32533296E-03-2.29554402E-03 0.00000000E+00-6.83666440E-02-2.20370853E-01
 4  5-8.33183671E-03-1.44311645E-02 0.00000000E+00 4.62590651E-01 1.32533296E-03
 4  6 2.29554402E-03 0.00000000E+00
 5  1-2.04702414E-01-7.65536875E-01 3.96598616E-03 0.00000000E+00 0.00000000E+00
 5  2 3.46130073E+00-4.87905079E-02 0.00000000E+00 0.00000000E+00 1.02351207E-01
 5  3 3.82768438E-01-6.33887337E-03-5.94951342E-03 0.00000000E+00-1.73065037E+00
 5  4-5.33577833E-02-2.63691770E-03 0.00000000E+00 1.02351207E-01 3.82768438E-01
 5  5-6.33887337E-03 5.94951342E-03 0.00000000E+00-1.73065037E+00-5.33577833E-02
 5  6 2.63691770E-03 0.00000000E+00
 6  1 0.00000000E+00 0.00000000E+00 0.00000000E+00 9.77382654E-03 0.00000000E+00
 6  2 0.00000000E+00 0.00000000E+00 5.48802084E-02 0.00000000E+00 1.77277491E-01
 6  3 6.62974382E-01 5.94951342E-03-5.31032985E-04 0.00000000E+00-2.99757436E+00
 6  4 2.63691770E-03 5.03129330E-02 0.00000000E+00-1.77277491E-01-6.62974382E-01
 6  5-5.94951342E-03-5.31032985E-04 0.00000000E+00 2.99757436E+00-2.63691770E-03
 6  6 5.03129330E-02 0.00000000E+00
 7  1 0.00000000E+00 0.00000000E+00 0.00000000E+00 0.00000000E+00 1.42815195E-02
 7  2 0.00000000E+00 0.00000000E+00 0.00000000E+00 3.67378494E-01 0.00000000E+00
 7  3 0.00000000E+00 0.00000000E+00 0.00000000E+00 1.42815195E-02 0.00000000E+00
 7  4 0.00000000E+00 0.00000000E+00 3.67378494E-01 0.00000000E+00 0.00000000E+00
 7  5 0.00000000E+00 0.00000000E+00 1.42815195E-02 0.00000000E+00 0.00000000E+00
 7  6 0.00000000E+00 3.67378494E-01
 8  1 5.46367076E-02 2.41535848E+00 4.38289181E-03 0.00000000E+00 0.00000000E+00
 8  2 1.82816626E-03-1.90511016E-01 0.00000000E+00 0.00000000E+00-2.73183538E-02
 8  3-1.20767924E+00 6.63611418E-03 1.30089854E-03 0.00000000E+00-9.14083131E-04
 8  4-8.92732037E-01-4.05427495E-01 0.00000000E+00-2.73183538E-02-1.20767924E+00
 8  5 6.63611418E-03-1.30089854E-03 0.00000000E+00-9.14083131E-04-8.92732037E-01
 8  6 4.05427495E-01 0.00000000E+00
 9  1 0.00000000E+00 0.00000000E+00 0.00000000E+00-7.38718830E-03 0.00000000E+00
 9  2 0.00000000E+00 0.00000000E+00 1.12680571E+00 0.00000000E+00-4.73167767E-02
 9  3-2.09176180E+00-1.30089854E-03-5.13396593E-03 0.00000000E+00-1.58323842E-03
 9  4 4.05427495E-01 4.24584690E-01 0.00000000E+00 4.73167767E-02 2.09176180E+00
 9  5 1.30089854E-03-5.13396593E-03 0.00000000E+00 1.58323842E-03-4.05427495E-01
 9  6 4.24584690E-01 0.00000000E+00
10  1-1.14758310E-01 7.47942748E-01 7.24358083E-03 0.00000000E+00 0.00000000E+00
10  2-3.68913574E-01 7.12687283E-01 0.00000000E+00 0.00000000E+00-1.14758310E-01
10  3 7.47942748E-01-3.62179042E-03 6.27312502E-03 0.00000000E+00-3.68913574E-01
10  4-3.56343641E-01 6.17205292E-01 0.00000000E+00-1.14758310E-01 7.47942748E-01
10  5-3.62179042E-03-6.27312502E-03 0.00000000E+00-3.68913574E-01-3.56343641E-01
10  6-6.17205292E-01 0.00000000E+00
11  1 0.00000000E+00 0.00000000E+00 0.00000000E+00 0.00000000E+00 0.00000000E+00
11  2 0.00000000E+00 0.00000000E+00 0.00000000E+00 0.00000000E+00 0.00000000E+00
11  3 0.00000000E+00 0.00000000E+00 0.00000000E+00 1.57326498E-02 0.00000000E+00
11  4 0.00000000E+00 0.00000000E+00-1.29307042E+00 0.00000000E+00 0.00000000E+00
11  5 0.00000000E+00 0.00000000E+00-1.57326498E-02 0.00000000E+00 0.00000000E+00
11  6 0.00000000E+00 1.29307042E+00
12  1 0.00000000E+00 0.00000000E+00 0.00000000E+00 0.00000000E+00-1.81664992E-02
12  2 0.00000000E+00 0.00000000E+00 0.00000000E+00 1.49310911E+00 0.00000000E+00
12  3 0.00000000E+00 0.00000000E+00 0.00000000E+00 9.08324959E-03 0.00000000E+00
12  4 0.00000000E+00 0.00000000E+00-7.46554556E-01 0.00000000E+00 0.00000000E+00
12  5 0.00000000E+00 0.00000000E+00 9.08324959E-03 0.00000000E+00 0.00000000E+00
12  6 0.00000000E+00-7.46554556E-01
13  1 0.00000000E+00 0.00000000E+00 0.00000000E+00-2.29360907E-02 0.00000000E+00
13  2 0.00000000E+00 0.00000000E+00 2.56151938E+00 0.00000000E+00 0.00000000E+00
13  3 0.00000000E+00 1.98632372E-02 1.14680453E-02 0.00000000E+00 0.00000000E+00
13  4-2.21834085E+00-1.28075969E+00 0.00000000E+00 0.00000000E+00 0.00000000E+00
13  5-1.98632372E-02 1.14680453E-02 0.00000000E+00 0.00000000E+00 2.21834085E+00
13  6-1.28075969E+00 0.00000000E+00
14  1 4.01289838E-01 1.46948229E+01 4.95545640E-02 0.00000000E+00 0.00000000E+00
14  2 9.44728180E-01-6.41815461E+00 0.00000000E+00 0.00000000E+00-2.00644919E-01
14  3-7.34741145E+00 4.00269459E-02-5.50077292E-03 0.00000000E+00-4.72364090E-01
14  4-3.32046825E+00 1.78845005E+00 0.00000000E+00-2.00644919E-01-7.34741145E+00
14  5 4.00269459E-02 5.50077292E-03 0.00000000E+00-4.72364090E-01-3.32046825E+00
14  6-1.78845005E+00 0.00000000E+00
15  1 0.00000000E+00 0.00000000E+00 0.00000000E+00-3.68510731E-02 0.00000000E+00
15  2 0.00000000E+00 0.00000000E+00 2.28790613E+00 0.00000000E+00-3.47527194E-01
15  3-1.27260899E+01 5.50077292E-03-4.63786913E-02 0.00000000E+00-8.18158604E-01
15  4-1.78845005E+00 5.38559249E+00 0.00000000E+00 3.47527194E-01 1.27260899E+01
15  5-5.50077292E-03-4.63786913E-02 0.00000000E+00 8.18158604E-01 1.78845005E+00
15  6 5.38559249E+00 0.00000000E+00
16  1-1.06604536E+00 1.31039716E+01-8.28807874E-02 0.00000000E+00 0.00000000E+00
16  2-1.20581848E+00-4.52948995E+00 0.00000000E+00 0.00000000E+00 5.33022681E-01
16  3-6.55198581E+00-9.53039992E-02-7.17254473E-03 0.00000000E+00 6.02909240E-01
16  4-2.35229982E+00 1.25700131E+00 0.00000000E+00 5.33022681E-01-6.55198581E+00
16  5-9.53039992E-02 7.17254473E-03 0.00000000E+00 6.02909240E-01-2.35229982E+00
16  6-1.25700131E+00 0.00000000E+00
17  1 0.00000000E+00 0.00000000E+00 0.00000000E+00 9.94450699E-02 0.00000000E+00
17  2 0.00000000E+00 0.00000000E+00 1.62656977E+00 0.00000000E+00 9.23222366E-01
17  3-1.13483723E+01 7.17254473E-03 8.70218580E-02 0.00000000E+00 1.04426944E+00
17  4-1.25700131E+00 3.80375990E+00 0.00000000E+00-9.23222366E-01 1.13483723E+01
17  5-7.17254473E-03 8.70218580E-02 0.00000000E+00-1.04426944E+00 1.25700131E+00
17  6 3.80375990E+00 0.00000000E+00
18  1 8.15089111E-01-4.36669025E-01-1.24000788E-01 0.00000000E+00 0.00000000E+00
18  2 9.27256686E-02 6.49438342E-01 0.00000000E+00 0.00000000E+00 8.15089111E-01
18  3-4.36669025E-01 6.20003940E-02-1.07387832E-01 0.00000000E+00 9.27256686E-02
18  4-3.24719171E-01 5.62430102E-01 0.00000000E+00 8.15089111E-01-4.36669025E-01
18  5 6.20003940E-02 1.07387832E-01 0.00000000E+00 9.27256686E-02-3.24719171E-01
18  6-5.62430102E-01 0.00000000E+00
19  1 0.00000000E+00 0.00000000E+00 0.00000000E+00 0.00000000E+00 6.05195289E-01
19  2 0.00000000E+00 0.00000000E+00 0.00000000E+00-2.55956124E-01 0.00000000E+00
19  3 0.00000000E+00 0.00000000E+00 0.00000000E+00 6.05195289E-01 0.00000000E+00
19  4 0.00000000E+00 0.00000000E+00-2.55956124E-01 0.00000000E+00 0.00000000E+00
19  5 0.00000000E+00 0.00000000E+00 6.05195289E-01 0.00000000E+00 0.00000000E+00
19  6 0.00000000E+00-2.55956124E-01
20  1 3.32375005E-01-3.74269801E-01 5.16398698E-01 0.00000000E+00 0.00000000E+00
20  2 1.28108460E-01-3.20672098E-01 0.00000000E+00 0.00000000E+00 3.32375005E-01
20  3-3.74269801E-01-2.58199349E-01 4.47214391E-01 0.00000000E+00 1.28108460E-01
20  4 1.60336049E-01-2.77710183E-01 0.00000000E+00 3.32375005E-01-3.74269801E-01
20  5-2.58199349E-01-4.47214391E-01 0.00000000E+00 1.28108460E-01 1.60336049E-01
20  6 2.77710183E-01 0.00000000E+00
21  1 1.63846701E-01 1.21907833E+00 3.09912756E-01 0.00000000E+00 0.00000000E+00
21  2-5.91453664E-02-8.52184546E-01 0.00000000E+00 0.00000000E+00-8.19233504E-02
21  3-6.09539163E-01-5.04769367E-01-4.70356943E-01 0.00000000E+00 2.95726832E-02
21  4-1.90896772E-02 4.80987547E-01 0.00000000E+00-8.19233504E-02-6.09539163E-01
21  5-5.04769367E-01 4.70356943E-01 0.00000000E+00 2.95726832E-02-1.90896772E-02
21  6-4.80987547E-01 0.00000000E+00
22  1 0.00000000E+00 0.00000000E+00 0.00000000E+00 7.76330075E-01 0.00000000E+00
22  2 0.00000000E+00 0.00000000E+00-2.58608612E-01 0.00000000E+00-1.41895405E-01
22  3-1.05575280E+00 4.70356943E-01-3.83520479E-02 0.00000000E+00 5.12213898E-02
22  4-4.80987547E-01 5.74486256E-01 0.00000000E+00 1.41895405E-01 1.05575280E+00
22  5-4.70356943E-01-3.83520479E-02 0.00000000E+00-5.12213898E-02 4.80987547E-01
22  6 5.74486256E-01 0.00000000E+00
23  1 0.00000000E+00 0.00000000E+00 0.00000000E+00 0.00000000E+00 0.00000000E+00
23  2 0.00000000E+00 0.00000000E+00 0.00000000E+00 0.00000000E+00 0.00000000E+00
23  3 0.00000000E+00 0.00000000E+00 0.00000000E+00-8.46888288E-01 0.00000000E+00
23  4 0.00000000E+00 0.00000000E+00 5.68724319E-01 0.00000000E+00 0.00000000E+00
23  5 0.00000000E+00 0.00000000E+00 8.46888288E-01 0.00000000E+00 0.00000000E+00
23  6 0.00000000E+00-5.68724319E-01
24  1 0.00000000E+00 0.00000000E+00 0.00000000E+00 0.00000000E+00 9.77902362E-01
24  2 0.00000000E+00 0.00000000E+00 0.00000000E+00-6.56706277E-01 0.00000000E+00
24  3 0.00000000E+00 0.00000000E+00 0.00000000E+00-4.88951181E-01 0.00000000E+00
24  4 0.00000000E+00 0.00000000E+00 3.28353139E-01 0.00000000E+00 0.00000000E+00
24  5 0.00000000E+00 0.00000000E+00-4.88951181E-01 0.00000000E+00 0.00000000E+00
24  6 0.00000000E+00 3.28353139E-01
25  1 0.00000000E+00 0.00000000E+00 0.00000000E+00-8.22565836E-01 0.00000000E+00
25  2 0.00000000E+00 0.00000000E+00 8.52009162E-01 0.00000000E+00 0.00000000E+00
25  3 0.00000000E+00 7.12362910E-01 4.11282918E-01 0.00000000E+00 0.00000000E+00
25  4-7.37861579E-01-4.26004581E-01 0.00000000E+00 0.00000000E+00 0.00000000E+00
25  5-7.12362910E-01 4.11282918E-01 0.00000000E+00 0.00000000E+00 7.37861579E-01
25  6-4.26004581E-01 0.00000000E+00
26  1-5.15381619E-01 2.60306696E+00 1.24803236E+00 0.00000000E+00 0.00000000E+00
26  2 3.98761948E-01-1.30385746E+00 0.00000000E+00 0.00000000E+00 2.57690809E-01
26  3-1.30153348E+00 7.16844593E-01-3.06681398E-01 0.00000000E+00-1.99380974E-01
26  4-7.08173852E-01 3.43918092E-01 0.00000000E+00 2.57690809E-01-1.30153348E+00
26  5 7.16844593E-01 3.06681398E-01 0.00000000E+00-1.99380974E-01-7.08173852E-01
26  6-3.43918092E-01 0.00000000E+00
27  1 0.00000000E+00 0.00000000E+00 0.00000000E+00-5.39782005E-01 0.00000000E+00
27  2 0.00000000E+00 0.00000000E+00 5.09612649E-01 0.00000000E+00 4.46333574E-01
27  3-2.25432212E+00 3.06681398E-01-1.07096977E+00 0.00000000E+00-3.45337977E-01
27  4-3.43918092E-01 1.10529626E+00 0.00000000E+00-4.46333574E-01 2.25432212E+00
27  5-3.06681398E-01-1.07096977E+00 0.00000000E+00 3.45337977E-01 3.43918092E-01
27  6 1.10529626E+00 0.00000000E+00
 $END   
 POPULATION ANALYSIS
H            1.00000   0.00000   1.00000  -0.00000
H            1.00000  -0.00000   1.00000  -0.00000
H            1.00000  -0.00000   1.00000  -0.00000
 MOMENTS AT POINT    1 X,Y,Z=  0.000000  0.000000  0.000000
 DIPOLE       0.000000  0.000000  0.000000
 $GRAD  
E=       -1.3650925831  GMAX=   0.0853415  GRMS=   0.0492719
H            1.    8.5341466145E-02   -2.7755575616E-17    0.0000000000E+00
H            1.   -4.2670733073E-02    7.3907877678E-02    0.0000000000E+00
H            1.   -4.2670733073E-02   -7.3907877678E-02    0.0000000000E+00
 $END
-------------------- DATA FROM NSERCH=   1 --------------------
 COORDINATES OF SYMMETRY UNIQUE ATOMS (ANGS)
   ATOM   CHARGE       X              Y              Z
 ------------------------------------------------------------
 H           1.0  -0.3005819059  -0.5206234126  -0.0000000000
--- OPEN SHELL ORBITALS --- GENERATED AT Fri Oct 26 02:00:09 2018
Title goes here                                                                 
E(UHF)=       -1.4054484834, E(NUC)=    1.5246451874,   10 ITERS
 $VEC   
 1  1 3.46668093E-01 7.33486119E-02-3.26321465E-02 0.00000000E+00 0.00000000E+00
 1  2-1.46279243E-04-1.65815246E-02 0.00000000E+00 0.00000000E+00 3.46668093E-01
 1  3 7.33486119E-02 1.63160732E-02-2.82602678E-02 0.00000000E+00-1.46279243E-04
 1  4 8.29076228E-03-1.43600215E-02 0.00000000E+00 3.46668093E-01 7.33486119E-02
 1  5 1.63160732E-02 2.82602678E-02 0.00000000E+00-1.46279243E-04 8.29076228E-03
 1  6 1.43600215E-02 0.00000000E+00
 2  1-9.25641654E-02-1.21624602E-01 1.73848161E-02 0.00000000E+00 0.00000000E+00
 2  2 4.15795967E-01 3.78321215E-02 0.00000000E+00 0.00000000E+00-9.25641654E-02
 2  3-1.21624602E-01-8.69240804E-03 1.50556924E-02 0.00000000E+00 4.15795967E-01
 2  4-1.89160607E-02 3.27635783E-02 0.00000000E+00-9.25641654E-02-1.21624602E-01
 2  5-8.69240804E-03-1.50556924E-02 0.00000000E+00 4.15795967E-01-1.89160607E-02
 2  6-3.27635783E-02 0.00000000E+00
 1  1 3.42269507E-01 7.82203524E-02-3.00920074E-02 0.00000000E+00 0.00000000E+00
 1  2-2.73988736E-04-1.74612412E-02 0.00000000E+00 0.00000000E+00 3.42269507E-01
 1  3 7.82203524E-02 1.50460037E-02-2.60604429E-02 0.00000000E+00-2.73988736E-04
 1  4 8.73062060E-03-1.51218785E-02 0.00000000E+00 3.42269507E-01 7.82203524E-02
 1  5 1.50460037E-02 2.60604429E-02 0.00000000E+00-2.73988736E-04 8.73062060E-03
 1  6 1.51218785E-02 0.00000000E+00
 $END   
 $GRAD  
E=       -1.4054484834  GMAX=   0.0662954  GRMS=   0.0382757
H            1.    6.6295423150E-02   -1.7347234760E-17    0.0000000000E+00
H            1.   -3.3147711575E-02    5.7413520603E-02    0.0000000000E+00
H            1.   -3.3147711575E-02   -5.7413520603E-02    0.0000000000E+00
 $END
-------------------- DATA FROM NSERCH=   2 --------------------
 COORDINATES OF SYMMETRY UNIQUE ATOMS (ANGS)
   ATOM   CHARGE       X              Y              Z
 ------------------------------------------------------------
 H           1.0  -0.2547538118  -0.4412468252   0.0000000000
--- OPEN SHELL ORBITALS --- GENERATED AT Fri Oct 26 02:00:09 2018
Title goes here                                                                 
E(UHF)=       -1.4279270779, E(NUC)=    1.7989160586,   10 ITERS
 $VEC   
 1  1 3.59134943E-01 4.66713037E-02-3.42364959E-02 0.00000000E+00 0.00000000E+00
 1  2 2.24112558E-04 2.47651795E-03 0.00000000E+00 0.00000000E+00 3.59134943E-01
 1  3 4.66713037E-02 1.71182480E-02-2.96496752E-02 0.00000000E+00 2.24112558E-04
 1  4-1.23825897E-03 2.14472746E-03 0.00000000E+00 3.59134943E-01 4.66713037E-02
 1  5 1.71182480E-02 2.96496752E-02 0.00000000E+00 2.24112558E-04-1.23825897E-03
 1  6-2.14472746E-03 0.00000000E+00
 2  1-9.86872008E-02-8.21404124E-02 1.64764236E-02 0.00000000E+00 0.00000000E+00
 2  2 3.96250766E-01 3.83404955E-02 0.00000000E+00 0.00000000E+00-9.86872008E-02
 2  3-8.21404124E-02-8.23821178E-03 1.42690014E-02 0.00000000E+00 3.96250766E-01
 2  4-1.91702477E-02 3.32038431E-02 0.00000000E+00-9.86872008E-02-8.21404124E-02
 2  5-8.23821178E-03-1.42690014E-02 0.00000000E+00 3.96250766E-01-1.91702477E-02
 2  6-3.32038431E-02 0.00000000E+00
 1  1 3.55541245E-01 5.07182029E-02-3.20970980E-02 0.00000000E+00 0.00000000E+00
 1  2 7.16495699E-05 7.43758646E-04 0.00000000E+00 0.00000000E+00 3.55541245E-01
 1  3 5.07182029E-02 1.60485490E-02-2.77969023E-02 0.00000000E+00 7.16495699E-05
 1  4-3.71879323E-04 6.44113882E-04 0.00000000E+00 3.55541245E-01 5.07182029E-02
 1  5 1.60485490E-02 2.77969023E-02 0.00000000E+00 7.16495699E-05-3.71879323E-04
 1  6-6.44113882E-04 0.00000000E+00
 $END   
 $GRAD  
E=       -1.4279270779  GMAX=   0.0113923  GRMS=   0.0065773
H            1.    1.1392250363E-02    8.6736173799E-18    4.9456082009E-68
H            1.   -5.6961251817E-03    9.8659782210E-03    4.9456082009E-68
H            1.   -5.6961251817E-03   -9.8659782210E-03    4.9456082009E-68
 $END
-------------------- DATA FROM NSERCH=   3 --------------------
 COORDINATES OF SYMMETRY UNIQUE ATOMS (ANGS)
   ATOM   CHARGE       X              Y              Z
 ------------------------------------------------------------
 H           1.0  -0.2452446141  -0.4247764117   0.0000000000
--- OPEN SHELL ORBITALS --- GENERATED AT Fri Oct 26 02:00:09 2018
Title goes here                                                                 
E(UHF)=       -1.4281314673, E(NUC)=    1.8686678041,   10 ITERS
 $VEC   
 1  1 3.61331071E-01 4.14173329E-02-3.50847465E-02 0.00000000E+00 0.00000000E+00
 1  2 2.40633801E-04 7.98217682E-03 0.00000000E+00 0.00000000E+00 3.61331071E-01
 1  3 4.14173329E-02 1.75423733E-02-3.03842818E-02 0.00000000E+00 2.40633801E-04
 1  4-3.99108841E-03 6.91276790E-03 0.00000000E+00 3.61331071E-01 4.14173329E-02
 1  5 1.75423733E-02 3.03842818E-02 0.00000000E+00 2.40633801E-04-3.99108841E-03
 1  6-6.91276790E-03 0.00000000E+00
 2  1-9.99340499E-02-7.37325694E-02 1.63029014E-02 0.00000000E+00 0.00000000E+00
 2  2 3.91968531E-01 3.85117995E-02 0.00000000E+00 0.00000000E+00-9.99340499E-02
 2  3-7.37325694E-02-8.15145071E-03 1.41187268E-02 0.00000000E+00 3.91968531E-01
 2  4-1.92558998E-02 3.33521967E-02 0.00000000E+00-9.99340499E-02-7.37325694E-02
 2  5-8.15145071E-03-1.41187268E-02 0.00000000E+00 3.91968531E-01-1.92558998E-02
 2  6-3.33521967E-02 0.00000000E+00
 1  1 3.57923968E-01 4.52706124E-02-3.30084093E-02 0.00000000E+00 0.00000000E+00
 1  2 9.35552210E-05 6.06555482E-03 0.00000000E+00 0.00000000E+00 3.57923968E-01
 1  3 4.52706124E-02 1.65042047E-02-2.85861210E-02 0.00000000E+00 9.35552210E-05
 1  4-3.03277741E-03 5.25292457E-03 0.00000000E+00 3.57923968E-01 4.52706124E-02
 1  5 1.65042047E-02 2.85861210E-02 0.00000000E+00 9.35552210E-05-3.03277741E-03
 1  6-5.25292457E-03 0.00000000E+00
 $END   
 $GRAD  
E=       -1.4281314673  GMAX=   0.0082260  GRMS=   0.0047493
H            1.   -8.2259984189E-03    2.6454533009E-17    4.9456082009E-68
H            1.    4.1129992094E-03   -7.1239236022E-03    4.9456082009E-68
H            1.    4.1129992094E-03    7.1239236022E-03    4.9456082009E-68
 $END
-------------------- DATA FROM NSERCH=   4 --------------------
 COORDINATES OF SYMMETRY UNIQUE ATOMS (ANGS)
   ATOM   CHARGE       X              Y              Z
 ------------------------------------------------------------
 H           1.0  -0.2492318531  -0.4316825121   0.0000000000
--- OPEN SHELL ORBITALS --- GENERATED AT Fri Oct 26 02:00:09 2018
Title goes here                                                                 
E(UHF)=       -1.4283044530, E(NUC)=    1.8387726633,   10 ITERS
 $VEC   
 1  1 3.60431137E-01 4.36055799E-02-3.47004718E-02 0.00000000E+00 0.00000000E+00
 1  2 2.36700071E-04 5.59635945E-03 0.00000000E+00 0.00000000E+00 3.60431137E-01
 1  3 4.36055799E-02 1.73502359E-02-3.00514901E-02 0.00000000E+00 2.36700071E-04
 1  4-2.79817972E-03 4.84658945E-03 0.00000000E+00 3.60431137E-01 4.36055799E-02
 1  5 1.73502359E-02 3.00514901E-02 0.00000000E+00 2.36700071E-04-2.79817972E-03
 1  6-4.84658945E-03 0.00000000E+00
 2  1-9.94118904E-02-7.72682620E-02 1.63743974E-02 0.00000000E+00 0.00000000E+00
 2  2 3.93774948E-01 3.84389691E-02 0.00000000E+00 0.00000000E+00-9.94118904E-02
 2  3-7.72682620E-02-8.18719869E-03 1.41806441E-02 0.00000000E+00 3.93774948E-01
 2  4-1.92194845E-02 3.32891237E-02 0.00000000E+00-9.94118904E-02-7.72682620E-02
 2  5-8.18719869E-03-1.41806441E-02 0.00000000E+00 3.93774948E-01-1.92194845E-02
 2  6-3.32891237E-02 0.00000000E+00
 1  1 3.56945216E-01 4.75407430E-02-3.25985925E-02 0.00000000E+00 0.00000000E+00
 1  2 8.69911948E-05 3.75712163E-03 0.00000000E+00 0.00000000E+00 3.56945216E-01
 1  3 4.75407430E-02 1.62992962E-02-2.82312092E-02 0.00000000E+00 8.69911948E-05
 1  4-1.87856081E-03 3.25376278E-03 0.00000000E+00 3.56945216E-01 4.75407430E-02
 1  5 1.62992962E-02 2.82312092E-02 0.00000000E+00 8.69911948E-05-1.87856081E-03
 1  6-3.25376278E-03 0.00000000E+00
 $END   
 $GRAD  
E=       -1.4283044530  GMAX=   0.0004674  GRMS=   0.0002699
H            1.    4.6742623418E-04    1.8431436932E-17   -1.4836824603E-67
H            1.   -2.3371311709E-04    4.0480299320E-04   -1.4836824603E-67
H            1.   -2.3371311709E-04   -4.0480299320E-04   -1.4836824603E-67
 $END
-------------------- DATA FROM NSERCH=   5 --------------------
 COORDINATES OF SYMMETRY UNIQUE ATOMS (ANGS)
   ATOM   CHARGE       X              Y              Z
 ------------------------------------------------------------
 H           1.0  -0.2490174680  -0.4313111863   0.0000000000
--- OPEN SHELL ORBITALS --- GENERATED AT Fri Oct 26 02:00:09 2018
Title goes here                                                                 
E(UHF)=       -1.4283050288, E(NUC)=    1.8403557054,    9 ITERS
 $VEC   
 1  1 3.60480313E-01 4.34873676E-02-3.47200478E-02 0.00000000E+00 0.00000000E+00
 1  2 2.37023360E-04 5.72174297E-03 0.00000000E+00 0.00000000E+00 3.60480313E-01
 1  3 4.34873676E-02 1.73600239E-02-3.00684435E-02 0.00000000E+00 2.37023360E-04
 1  4-2.86087148E-03 4.95517476E-03 0.00000000E+00 3.60480313E-01 4.34873676E-02
 1  5 1.73600239E-02 3.00684435E-02 0.00000000E+00 2.37023360E-04-2.86087148E-03
 1  6-4.95517476E-03 0.00000000E+00
 2  1-9.94399882E-02-7.70785379E-02 1.63705044E-02 0.00000000E+00 0.00000000E+00
 2  2 3.93678227E-01 3.84428566E-02 0.00000000E+00 0.00000000E+00-9.94399882E-02
 2  3-7.70785379E-02-8.18525218E-03 1.41772726E-02 0.00000000E+00 3.93678227E-01
 2  4-1.92214283E-02 3.32924904E-02 0.00000000E+00-9.94399882E-02-7.70785379E-02
 2  5-8.18525218E-03-1.41772726E-02 0.00000000E+00 3.93678227E-01-1.92214283E-02
 2  6-3.32924904E-02 0.00000000E+00
 1  1 3.56998610E-01 4.74181527E-02-3.26195750E-02 0.00000000E+00 0.00000000E+00
 1  2 8.74424992E-05 3.87835504E-03 0.00000000E+00 0.00000000E+00 3.56998610E-01
 1  3 4.74181527E-02 1.63097875E-02-2.82493806E-02 0.00000000E+00 8.74424992E-05
 1  4-1.93917752E-03 3.35875399E-03 0.00000000E+00 3.56998610E-01 4.74181527E-02
 1  5 1.63097875E-02 2.82493806E-02 0.00000000E+00 8.74424992E-05-1.93917752E-03
 1  6-3.35875399E-03 0.00000000E+00
 $END   
 $GRAD  
E=       -1.4283050288  GMAX=   0.0000178  GRMS=   0.0000103
H            1.    1.7824297945E-05    2.2376916401E-17    0.0000000000E+00
H            1.   -8.9121489727E-06    1.5436294825E-05    0.0000000000E+00
H            1.   -8.9121489726E-06   -1.5436294825E-05    0.0000000000E+00
 $END
----- RESULTS FROM SUCCESSFUL UHF      GEOMETRY SEARCH -----
----- COORDS, ORBS, GRADIENT, AND APPROX. HESSIAN -----
 COORDINATES OF SYMMETRY UNIQUE ATOMS (ANGS)
   ATOM   CHARGE       X              Y              Z
 ------------------------------------------------------------
 H           1.0  -0.2490174680  -0.4313111863   0.0000000000
--- OPTIMIZED UHF      MO-S --- GENERATED AT Fri Oct 26 02:00:09 2018
E=       -1.4283050288, E(NUC)=    1.8403557054
 $VEC   
 1  1-3.60480313E-01-4.34873676E-02 3.47200478E-02 0.00000000E+00 0.00000000E+00
 1  2-2.37023360E-04-5.72174297E-03 0.00000000E+00 0.00000000E+00-3.60480313E-01
 1  3-4.34873676E-02-1.73600239E-02 3.00684435E-02 0.00000000E+00-2.37023360E-04
 1  4 2.86087148E-03-4.95517476E-03 0.00000000E+00-3.60480313E-01-4.34873676E-02
 1  5-1.73600239E-02-3.00684435E-02 0.00000000E+00-2.37023360E-04 2.86087148E-03
 1  6 4.95517476E-03 0.00000000E+00
 2  1-9.94399882E-02-7.70785379E-02 1.63705044E-02 0.00000000E+00 0.00000000E+00
 2  2 3.93678227E-01 3.84428566E-02 0.00000000E+00 0.00000000E+00-9.94399882E-02
 2  3-7.70785379E-02-8.18525218E-03 1.41772726E-02 0.00000000E+00 3.93678227E-01
 2  4-1.92214283E-02 3.32924904E-02 0.00000000E+00-9.94399882E-02-7.70785379E-02
 2  5-8.18525218E-03-1.41772726E-02 0.00000000E+00 3.93678227E-01-1.92214283E-02
 2  6-3.32924904E-02 0.00000000E+00
 3  1-2.35665727E-01-5.82324631E-01-1.62204546E-02 0.00000000E+00 0.00000000E+00
 3  2-2.49298828E+00-1.88580259E-02 0.00000000E+00 0.00000000E+00 1.17832863E-01
 3  3 2.91162315E-01-2.48963271E-02-5.00901732E-03 0.00000000E+00 1.24649414E+00
 3  4-5.79320194E-02-2.25593806E-02 0.00000000E+00 1.17832863E-01 2.91162315E-01
 3  5-2.48963271E-02 5.00901732E-03 0.00000000E+00 1.24649414E+00-5.79320194E-02
 3  6 2.25593806E-02 0.00000000E+00
 4  1 0.00000000E+00 0.00000000E+00 0.00000000E+00-2.77882846E-02 0.00000000E+00
 4  2 0.00000000E+00 0.00000000E+00-7.09566839E-02 0.00000000E+00-2.04092506E-01
 4  3-5.04307923E-01-5.00901732E-03-1.91124121E-02 0.00000000E+00-2.15899118E+00
 4  4-2.25593806E-02-3.18826904E-02 0.00000000E+00 2.04092506E-01 5.04307923E-01
 4  5 5.00901732E-03-1.91124121E-02 0.00000000E+00 2.15899118E+00 2.25593806E-02
 4  6-3.18826904E-02 0.00000000E+00
 5  1 2.84833474E-01 5.97219463E+00 2.66897265E-02 0.00000000E+00 0.00000000E+00
 5  2-4.50429353E+00-1.16893909E+00 0.00000000E+00 0.00000000E+00-1.42416737E-01
 5  3-2.98609731E+00 3.38350030E-02 4.12532735E-03 0.00000000E+00 2.25214677E+00
 5  4-5.55557164E-01 3.54136219E-01 0.00000000E+00-1.42416737E-01-2.98609731E+00
 5  5 3.38350030E-02-4.12532735E-03 0.00000000E+00 2.25214677E+00-5.55557164E-01
 5  6-3.54136219E-01 0.00000000E+00
 6  1 0.00000000E+00 0.00000000E+00 0.00000000E+00 3.62167619E-02 0.00000000E+00
 6  2 0.00000000E+00 0.00000000E+00-3.51096522E-01 0.00000000E+00 2.46673024E-01
 6  3 5.17207226E+00 4.12532735E-03 2.90714853E-02 0.00000000E+00-3.90083263E+00
 6  4 3.54136219E-01-9.64478447E-01 0.00000000E+00-2.46673024E-01-5.17207226E+00
 6  5-4.12532735E-03 2.90714853E-02 0.00000000E+00 3.90083263E+00-3.54136219E-01
 6  6-9.64478447E-01 0.00000000E+00
 7  1 0.00000000E+00 0.00000000E+00 0.00000000E+00 0.00000000E+00 1.80189680E-02
 7  2 0.00000000E+00 0.00000000E+00 0.00000000E+00 3.46091308E-01 0.00000000E+00
 7  3 0.00000000E+00 0.00000000E+00 0.00000000E+00 1.80189680E-02 0.00000000E+00
 7  4 0.00000000E+00 0.00000000E+00 3.46091308E-01 0.00000000E+00 0.00000000E+00
 7  5 0.00000000E+00 0.00000000E+00 1.80189680E-02 0.00000000E+00 0.00000000E+00
 7  6 0.00000000E+00 3.46091308E-01
 8  1 1.55859373E-01-7.92888615E-01-1.32220062E-02 0.00000000E+00 0.00000000E+00
 8  2 4.29572042E-01-7.87131220E-01 0.00000000E+00 0.00000000E+00 1.55859373E-01
 8  3-7.92888615E-01 6.61100310E-03-1.14505933E-02 0.00000000E+00 4.29572042E-01
 8  4 3.93565610E-01-6.81675633E-01 0.00000000E+00 1.55859373E-01-7.92888615E-01
 8  5 6.61100310E-03 1.14505933E-02 0.00000000E+00 4.29572042E-01 3.93565610E-01
 8  6 6.81675633E-01 0.00000000E+00
 9  1 1.96690287E-02-8.38495567E+00-2.07148958E-02 0.00000000E+00 0.00000000E+00
 9  2 7.25073854E-01 1.15117392E+00 0.00000000E+00 0.00000000E+00-9.83451433E-03
 9  3 4.19247783E+00-1.46109109E-02 3.52413735E-03 0.00000000E+00-3.62536927E-01
 9  4 1.60120390E+00 2.59824931E-01 0.00000000E+00-9.83451433E-03 4.19247783E+00
 9  5-1.46109109E-02-3.52413735E-03 0.00000000E+00-3.62536927E-01 1.60120390E+00
 9  6-2.59824931E-01 0.00000000E+00
10  1 0.00000000E+00 0.00000000E+00 0.00000000E+00-1.25762492E-02 0.00000000E+00
10  2 0.00000000E+00 0.00000000E+00 1.75121390E+00 0.00000000E+00 1.70338785E-02
10  3-7.26158462E+00 3.52413735E-03-1.86802342E-02 0.00000000E+00 6.27932377E-01
10  4 2.59824931E-01 1.30118392E+00 0.00000000E+00-1.70338785E-02 7.26158462E+00
10  5-3.52413735E-03-1.86802342E-02 0.00000000E+00-6.27932377E-01-2.59824931E-01
10  6 1.30118392E+00 0.00000000E+00
11  1 0.00000000E+00 0.00000000E+00 0.00000000E+00 0.00000000E+00 0.00000000E+00
11  2 0.00000000E+00 0.00000000E+00 0.00000000E+00 0.00000000E+00 0.00000000E+00
11  3 0.00000000E+00 0.00000000E+00 0.00000000E+00 1.97665382E-02 0.00000000E+00
11  4 0.00000000E+00 0.00000000E+00-1.72499284E+00 0.00000000E+00 0.00000000E+00
11  5 0.00000000E+00 0.00000000E+00-1.97665382E-02 0.00000000E+00 0.00000000E+00
11  6 0.00000000E+00 1.72499284E+00
12  1 0.00000000E+00 0.00000000E+00 0.00000000E+00 0.00000000E+00-2.28244323E-02
12  2 0.00000000E+00 0.00000000E+00 0.00000000E+00 1.99185016E+00 0.00000000E+00
12  3 0.00000000E+00 0.00000000E+00 0.00000000E+00 1.14122161E-02 0.00000000E+00
12  4 0.00000000E+00 0.00000000E+00-9.95925079E-01 0.00000000E+00 0.00000000E+00
12  5 0.00000000E+00 0.00000000E+00 1.14122161E-02 0.00000000E+00 0.00000000E+00
12  6 0.00000000E+00-9.95925079E-01
13  1 3.83467795E-01-3.60365531E+01-1.35541741E-02 0.00000000E+00 0.00000000E+00
13  2 3.01241771E+00 9.45404006E+00 0.00000000E+00 0.00000000E+00-1.91733897E-01
13  3 1.80182766E+01 2.32861092E-02 2.12697475E-02 0.00000000E+00-1.50620885E+00
13  4 4.66369066E+00-2.76570952E+00 0.00000000E+00-1.91733897E-01 1.80182766E+01
13  5 2.32861092E-02-2.12697475E-02 0.00000000E+00-1.50620885E+00 4.66369066E+00
13  6 2.76570952E+00 0.00000000E+00
14  1 0.00000000E+00 0.00000000E+00 0.00000000E+00 3.55662036E-02 0.00000000E+00
14  2 0.00000000E+00 0.00000000E+00 3.06690752E+00 0.00000000E+00 3.32092852E-01
14  3-3.12085705E+01 2.12697475E-02-1.27407969E-03 0.00000000E+00 2.60883026E+00
14  4-2.76570952E+00 7.85725693E+00 0.00000000E+00-3.32092852E-01 3.12085705E+01
14  5-2.12697475E-02-1.27407969E-03 0.00000000E+00-2.60883026E+00 2.76570952E+00
14  6 7.85725693E+00 0.00000000E+00
15  1 0.00000000E+00 0.00000000E+00 0.00000000E+00-3.35112194E-02 0.00000000E+00
15  2 0.00000000E+00 0.00000000E+00 4.67563800E+00 0.00000000E+00 0.00000000E+00
15  3 0.00000000E+00 2.90215673E-02 1.67556097E-02 0.00000000E+00 0.00000000E+00
15  4-4.04922129E+00-2.33781900E+00 0.00000000E+00 0.00000000E+00 0.00000000E+00
15  5-2.90215673E-02 1.67556097E-02 0.00000000E+00 0.00000000E+00 4.04922129E+00
15  6-2.33781900E+00 0.00000000E+00
16  1-6.88310203E-01 2.28803115E-01 4.16082748E-02 0.00000000E+00 0.00000000E+00
16  2-1.65242790E-02-1.08382071E+00 0.00000000E+00 0.00000000E+00-6.88310203E-01
16  3 2.28803115E-01-2.08041374E-02 3.60338230E-02 0.00000000E+00-1.65242790E-02
16  4 5.41910356E-01-9.38616269E-01 0.00000000E+00-6.88310203E-01 2.28803115E-01
16  5-2.08041374E-02-3.60338230E-02 0.00000000E+00-1.65242790E-02 5.41910356E-01
16  6 9.38616269E-01 0.00000000E+00
17  1 9.98872820E-01 3.08495158E+01 3.44236090E-01 0.00000000E+00 0.00000000E+00
17  2-4.49319509E-01-8.77434309E+00 0.00000000E+00 0.00000000E+00-4.99436410E-01
17  3-1.54247579E+01 2.80820116E-01-3.66132298E-02 0.00000000E+00 2.24659754E-01
17  4-4.56573687E+00 2.42983994E+00 0.00000000E+00-4.99436410E-01-1.54247579E+01
17  5 2.80820116E-01 3.66132298E-02 0.00000000E+00 2.24659754E-01-4.56573687E+00
17  6-2.42983994E+00 0.00000000E+00
18  1 0.00000000E+00 0.00000000E+00 0.00000000E+00 2.59681457E-01 0.00000000E+00
18  2 0.00000000E+00 0.00000000E+00-3.16286812E+00 0.00000000E+00 8.65049237E-01
18  3 2.67164644E+01-3.66132298E-02 3.23097432E-01 0.00000000E+00-3.89122109E-01
18  4 2.42983994E+00-7.37147435E+00 0.00000000E+00-8.65049237E-01-2.67164644E+01
18  5 3.66132298E-02 3.23097432E-01 0.00000000E+00 3.89122109E-01-2.42983994E+00
18  6-7.37147435E+00 0.00000000E+00
19  1 0.00000000E+00 0.00000000E+00 0.00000000E+00 0.00000000E+00 5.13347572E-01
19  2 0.00000000E+00 0.00000000E+00 0.00000000E+00-2.34592751E-01 0.00000000E+00
19  3 0.00000000E+00 0.00000000E+00 0.00000000E+00 5.13347572E-01 0.00000000E+00
19  4 0.00000000E+00 0.00000000E+00-2.34592751E-01 0.00000000E+00 0.00000000E+00
19  5 0.00000000E+00 0.00000000E+00 5.13347572E-01 0.00000000E+00 0.00000000E+00
19  6 0.00000000E+00-2.34592751E-01
20  1 4.72120419E-01 3.34408959E+00 4.04359880E-01 0.00000000E+00 0.00000000E+00
20  2-1.24812194E-01-1.38525266E+00 0.00000000E+00 0.00000000E+00-2.36060210E-01
20  3-1.67204480E+00-4.48199781E-01-4.92225550E-01 0.00000000E+00 6.24060968E-02
20  4-2.53491703E-01 6.53422494E-01 0.00000000E+00-2.36060210E-01-1.67204480E+00
20  5-4.48199781E-01 4.92225550E-01 0.00000000E+00 6.24060968E-02-2.53491703E-01
20  6-6.53422494E-01 0.00000000E+00
21  1 0.00000000E+00 0.00000000E+00 0.00000000E+00-7.32386335E-01 0.00000000E+00
21  2 0.00000000E+00 0.00000000E+00 1.23761949E-01 0.00000000E+00 4.08868277E-01
21  3 2.89606654E+00-4.92225550E-01 1.20173326E-01 0.00000000E+00-1.08090530E-01
21  4 6.53422494E-01-1.00799901E+00 0.00000000E+00-4.08868277E-01-2.89606654E+00
21  5 4.92225550E-01 1.20173326E-01 0.00000000E+00 1.08090530E-01-6.53422494E-01
21  6-1.00799901E+00 0.00000000E+00
22  1 4.76953811E-01-3.92924764E-01 5.48375559E-01 0.00000000E+00 0.00000000E+00
22  2 1.22430378E-01-1.92260417E-01 0.00000000E+00 0.00000000E+00 4.76953811E-01
22  3-3.92924764E-01-2.74187779E-01 4.74907164E-01 0.00000000E+00 1.22430378E-01
22  4 9.61302085E-02-1.66502405E-01 0.00000000E+00 4.76953811E-01-3.92924764E-01
22  5-2.74187779E-01-4.74907164E-01 0.00000000E+00 1.22430378E-01 9.61302085E-02
22  6 1.66502405E-01 0.00000000E+00
23  1 0.00000000E+00 0.00000000E+00 0.00000000E+00 0.00000000E+00 0.00000000E+00
23  2 0.00000000E+00 0.00000000E+00 0.00000000E+00 0.00000000E+00 0.00000000E+00
23  3 0.00000000E+00 0.00000000E+00 0.00000000E+00-9.74229351E-01 0.00000000E+00
23  4 0.00000000E+00 0.00000000E+00 6.83264959E-01 0.00000000E+00 0.00000000E+00
23  5 0.00000000E+00 0.00000000E+00 9.74229351E-01 0.00000000E+00 0.00000000E+00
23  6 0.00000000E+00-6.83264959E-01
24  1 0.00000000E+00 0.00000000E+00 0.00000000E+00 0.00000000E+00 1.12494316E+00
24  2 0.00000000E+00 0.00000000E+00 0.00000000E+00-7.88966416E-01 0.00000000E+00
24  3 0.00000000E+00 0.00000000E+00 0.00000000E+00-5.62471578E-01 0.00000000E+00
24  4 0.00000000E+00 0.00000000E+00 3.94483208E-01 0.00000000E+00 0.00000000E+00
24  5 0.00000000E+00 0.00000000E+00-5.62471578E-01 0.00000000E+00 0.00000000E+00
24  6 0.00000000E+00 3.94483208E-01
25  1 0.00000000E+00 0.00000000E+00 0.00000000E+00 1.20576639E+00 0.00000000E+00
25  2 0.00000000E+00 0.00000000E+00-1.32740449E+00 0.00000000E+00 0.00000000E+00
25  3 0.00000000E+00-1.04422432E+00-6.02883193E-01 0.00000000E+00 0.00000000E+00
25  4 1.14956601E+00 6.63702244E-01 0.00000000E+00 0.00000000E+00 0.00000000E+00
25  5 1.04422432E+00-6.02883193E-01 0.00000000E+00 0.00000000E+00-1.14956601E+00
25  6 6.63702244E-01 0.00000000E+00
26  1 2.14479293E+00-1.10141454E+01-2.07061255E+00 0.00000000E+00 0.00000000E+00
26  2 2.93013726E-01 3.08448816E+00 0.00000000E+00 0.00000000E+00-1.07239646E+00
26  3 5.50707269E+00-1.14643864E+00 5.33572058E-01 0.00000000E+00-1.46506863E-01
26  4 1.62693686E+00-8.41517637E-01 0.00000000E+00-1.07239646E+00 5.50707269E+00
26  5-1.14643864E+00-5.33572058E-01 0.00000000E+00-1.46506863E-01 1.62693686E+00
26  6 8.41517637E-01 0.00000000E+00
27  1 0.00000000E+00 0.00000000E+00 0.00000000E+00-8.38380670E-01 0.00000000E+00
27  2 0.00000000E+00 0.00000000E+00 1.14108642E+00 0.00000000E+00 1.85744516E+00
27  3-9.53852970E+00 5.33572058E-01-1.76255458E+00 0.00000000E+00 2.53757331E-01
27  4-8.41517637E-01 2.59863772E+00 0.00000000E+00-1.85744516E+00 9.53852970E+00
27  5-5.33572058E-01-1.76255458E+00 0.00000000E+00-2.53757331E-01 8.41517637E-01
27  6 2.59863772E+00 0.00000000E+00
 1  1-3.56998610E-01-4.74181527E-02 3.26195750E-02 0.00000000E+00 0.00000000E+00
 1  2-8.74424992E-05-3.87835504E-03 0.00000000E+00 0.00000000E+00-3.56998610E-01
 1  3-4.74181527E-02-1.63097875E-02 2.82493806E-02 0.00000000E+00-8.74424992E-05
 1  4 1.93917752E-03-3.35875399E-03 0.00000000E+00-3.56998610E-01-4.74181527E-02
 1  5-1.63097875E-02-2.82493806E-02 0.00000000E+00-8.74424992E-05 1.93917752E-03
 1  6 3.35875399E-03 0.00000000E+00
 $END   
 POPULATION ANALYSIS
H            1.00000   0.00000   1.00000  -0.00000
H            1.00000   0.00000   1.00000  -0.00000
H            1.00000  -0.00000   1.00000  -0.00000
 MOMENTS AT POINT    1 X,Y,Z=  0.000000  0.000000  0.000000
 DIPOLE       0.000000  0.000000  0.000000
 $GRAD  
E=       -1.4283050288  GMAX=   0.0000178  GRMS=   0.0000103
H            1.    1.7824297945E-05    0.0000000000E+00    0.0000000000E+00
H            1.   -8.9121489727E-06    1.5436294825E-05    0.0000000000E+00
H            1.   -8.9121489726E-06   -1.5436294825E-05    0.0000000000E+00
 $END
 CAUTION, APPROXIMATE HESSIAN!
 $HESS
ENERGY IS       -1.4283050288 E(NUC) IS        1.8403557054
 1  1 2.48378366E-01-1.02172509E-16-1.93070679E-53-1.24189183E-01 1.17963163E-01
 1  2 1.31393137E-22-1.24189183E-01-1.17963163E-01 0.00000000E+00
 2  1-1.02172509E-16 5.60831192E-02-9.84857341E-54 4.85694060E-02-2.80415596E-02
 2  2-1.81956294E-29-4.85694060E-02-2.80415596E-02 0.00000000E+00
 3  1-1.93070679E-53-9.84857341E-54 1.00000000E-05-7.86953186E-55 2.82640673E-53
 3  2-1.74649365E-58 1.48737775E-53-2.16284938E-54 0.00000000E+00
 4  1-1.24189183E-01 4.85694060E-02-7.86953186E-55 1.04156931E-01-8.32662845E-02
 4  2-6.56965528E-23 2.00322521E-02 3.46968785E-02 0.00000000E+00
 5  1 1.17963163E-01-2.80415596E-02 2.82640673E-53-8.32662845E-02 2.00304554E-01
 5  2 1.13789804E-22-3.46968785E-02-1.72262995E-01 0.00000000E+00
 6  1 1.31393137E-22-1.81956294E-29-1.74649365E-58-6.56965528E-23 1.13789804E-22
 6  2 1.00000000E-05-6.56965843E-23-1.13789785E-22 0.00000000E+00
 7  1-1.24189183E-01-4.85694060E-02 1.48737775E-53 2.00322521E-02-3.46968785E-02
 7  2-6.56965843E-23 1.04156931E-01 8.32662845E-02 0.00000000E+00
 8  1-1.17963163E-01-2.80415596E-02-2.16284938E-54 3.46968785E-02-1.72262995E-01
 8  2-1.13789785E-22 8.32662845E-02 2.00304554E-01 0.00000000E+00
 9  1 0.00000000E+00 0.00000000E+00 0.00000000E+00 0.00000000E+00 0.00000000E+00
 9  2 0.00000000E+00 0.00000000E+00 0.00000000E+00 1.00000000E-05
 $END
 $VIB   
         IVIB=   0 IATOM=   0 ICOORD=   0 E=       -1.4283050288
 1.782429795E-05 0.000000000E+00 0.000000000E+00-8.912148973E-06 1.543629483E-05
 0.000000000E+00-8.912148973E-06-1.543629483E-05 0.000000000E+00
 4.529193054E-13 3.976095335E-13 6.566718811E-50
 $END
----- TOP OF INPUT FILE FOR BADER'S AIMPAC PROGRAM -----
Title goes here                                                                 
GAUSSIAN             27 MOL ORBITALS     33 PRIMITIVES        3 NUCLEI
  H    1    (CENTRE  1)   0.94115002  0.00000026  0.00000000  CHARGE =  1.0
  H    2    (CENTRE  2)  -0.47057524  0.81505969  0.00000000  CHARGE =  1.0
  H    3    (CENTRE  3)  -0.47057478 -0.81505996  0.00000000  CHARGE =  1.0
CENTRE ASSIGNMENTS    1  1  1  1  1  1  1  1  1  1  1  2  2  2  2  2  2  2  2  2
CENTRE ASSIGNMENTS    2  2  3  3  3  3  3  3  3  3  3  3  3
TYPE ASSIGNMENTS      1  1  1  1  2  3  4  1  2  3  4  1  1  1  1  2  3  4  1  2
TYPE ASSIGNMENTS      3  4  1  1  1  1  2  3  4  1  2  3  4
EXPONENTS  1.3010000E+01 1.9620000E+00 4.4460000E-01 1.2200000E-01 7.2700000E-01
EXPONENTS  7.2700000E-01 7.2700000E-01 2.9740000E-02 1.4100000E-01 1.4100000E-01
EXPONENTS  1.4100000E-01 1.3010000E+01 1.9620000E+00 4.4460000E-01 1.2200000E-01
EXPONENTS  7.2700000E-01 7.2700000E-01 7.2700000E-01 2.9740000E-02 1.4100000E-01
EXPONENTS  1.4100000E-01 1.4100000E-01 1.3010000E+01 1.9620000E+00 4.4460000E-01
EXPONENTS  1.2200000E-01 7.2700000E-01 7.2700000E-01 7.2700000E-01 2.9740000E-02
EXPONENTS  1.4100000E-01 1.4100000E-01 1.4100000E-01
MO  1                     OCC NO =   1.99996614 ORB. ENERGY =   0.00000000
 -5.86321771E-02 -9.94543032E-02 -1.13196257E-01 -6.65978876E-03  3.21802901E-02
  0.00000000E+00  0.00000000E+00 -5.67737622E-05 -6.02593435E-04  0.00000000E+00
  0.00000000E+00 -5.86321771E-02 -9.94543032E-02 -1.13196257E-01 -6.65978876E-03
 -1.60901450E-02  2.78689487E-02  0.00000000E+00 -5.67737622E-05  3.01296717E-04
 -5.21861223E-04  0.00000000E+00 -5.86321771E-02 -9.94543032E-02 -1.13196257E-01
 -6.65978876E-03 -1.60901450E-02 -2.78689487E-02  0.00000000E+00 -5.67737622E-05
  3.01296717E-04  5.21861223E-04  0.00000000E+00
MO  2                     OCC NO =   1.00000000 ORB. ENERGY =   0.00000000
  1.65476270E-02  2.80687635E-02  3.19471241E-02  1.13707590E-02 -1.58248057E-02
  0.00000000E+00  0.00000000E+00 -2.00932825E-02 -4.73110362E-03  0.00000000E+00
  0.00000000E+00  1.65476270E-02  2.80687635E-02  3.19471241E-02  1.13707590E-02
  7.91240286E-03 -1.37046838E-02  0.00000000E+00 -2.00932825E-02  2.36555181E-03
 -4.09725592E-03  0.00000000E+00  1.65476270E-02  2.80687635E-02  3.19471241E-02
  1.13707590E-02  7.91240286E-03  1.37046838E-02  0.00000000E+00 -2.00932825E-02
  2.36555181E-03  4.09725592E-03  0.00000000E+00
MO  3                     OCC NO =   0.00003386 ORB. ENERGY =   0.00000000
  5.95755549E-02  1.01054499E-01  1.15017558E-01 -7.69381225E-02 -2.35013611E-01
  0.00000000E+00  0.00000000E+00  1.27137403E-02  3.03652065E-02  0.00000000E+00
  0.00000000E+00  5.95755549E-02  1.01054499E-01  1.15017558E-01 -7.69381225E-02
  1.17506805E-01 -2.03527757E-01  0.00000000E+00  1.27137403E-02 -1.51826032E-02
  2.62970402E-02  0.00000000E+00  5.95755549E-02  1.01054499E-01  1.15017558E-01
 -7.69381225E-02  1.17506805E-01  2.03527757E-01  0.00000000E+00  1.27137403E-02
 -1.51826032E-02 -2.62970402E-02  0.00000000E+00
MO  4                     OCC NO =   0.00000000 ORB. ENERGY =   0.00000000
  0.00000000E+00  0.00000000E+00  0.00000000E+00  0.00000000E+00  0.00000000E+00
 -3.66304673E-01  0.00000000E+00  0.00000000E+00  0.00000000E+00  5.98497460E-01
  0.00000000E+00  0.00000000E+00  0.00000000E+00  0.00000000E+00  0.00000000E+00
  3.17229152E-01  1.83152336E-01  0.00000000E+00  0.00000000E+00 -5.18314004E-01
 -2.99248730E-01  0.00000000E+00  0.00000000E+00  0.00000000E+00  0.00000000E+00
  0.00000000E+00 -3.17229152E-01  1.83152336E-01  0.00000000E+00  0.00000000E+00
  5.18314004E-01 -2.99248730E-01  0.00000000E+00
MO  5                     OCC NO =   0.00000000 ORB. ENERGY =   0.00000000
 -6.46167147E-03 -1.09605521E-02 -1.24750105E-02 -9.37301487E-02  2.32589251E-01
  0.00000000E+00  0.00000000E+00  1.85112734E-02 -1.51280950E-01  0.00000000E+00
  0.00000000E+00 -6.46167147E-03 -1.09605521E-02 -1.24750105E-02 -9.37301487E-02
 -1.16294625E-01  2.01428200E-01  0.00000000E+00  1.85112734E-02  7.56404749E-02
 -1.31013146E-01  0.00000000E+00 -6.46167147E-03 -1.09605521E-02 -1.24750105E-02
 -9.37301487E-02 -1.16294625E-01 -2.01428200E-01  0.00000000E+00  1.85112734E-02
  7.56404749E-02  1.31013146E-01  0.00000000E+00
MO  6                     OCC NO =   0.00000000 ORB. ENERGY =   0.00000000
  0.00000000E+00  0.00000000E+00  0.00000000E+00  0.00000000E+00  0.00000000E+00
 -1.73744035E-01  0.00000000E+00  0.00000000E+00  0.00000000E+00 -3.41926424E-02
  0.00000000E+00 -1.88922080E-02 -3.20457380E-02 -3.64736112E-02 -1.12464995E-02
 -3.07861301E-02 -1.20420894E-01  0.00000000E+00 -9.70889219E-04 -2.29980242E-03
 -3.02092678E-02  0.00000000E+00  1.88922080E-02  3.20457380E-02  3.64736112E-02
  1.12464995E-02  3.07861301E-02 -1.20420894E-01  0.00000000E+00  9.70889219E-04
  2.29980242E-03 -3.02092678E-02  0.00000000E+00
MO  7                     OCC NO =   0.00000000 ORB. ENERGY =   0.00000000
  0.00000000E+00  0.00000000E+00  0.00000000E+00  0.00000000E+00  0.00000000E+00
  6.09431063E-01  0.00000000E+00  0.00000000E+00  0.00000000E+00 -3.83913504E-03
  0.00000000E+00 -1.68583985E-03 -2.85959068E-03 -3.25471047E-03 -1.01255790E-02
  3.86675852E-01 -6.03111592E-02  0.00000000E+00 -1.28317723E-03  1.33374871E-02
 -2.69403404E-02  0.00000000E+00  1.68583985E-03  2.85959068E-03  3.25471047E-03
  1.01255790E-02 -3.86675852E-01 -6.03111592E-02  0.00000000E+00  1.28317723E-03
 -1.33374871E-02 -2.69403404E-02  0.00000000E+00
MO  8                     OCC NO =   0.00000000 ORB. ENERGY =   0.00000000
  0.00000000E+00  0.00000000E+00  0.00000000E+00  0.00000000E+00  0.00000000E+00
 -1.97347489E-01  0.00000000E+00  0.00000000E+00  0.00000000E+00  6.20026681E-02
  0.00000000E+00 -8.12784833E-02 -1.37867897E-01 -1.56917593E-01  1.26381320E-02
  1.78691054E-01 -5.06849473E-01  0.00000000E+00  3.54906025E-03  1.95509221E-02
  2.81394776E-02  0.00000000E+00  8.12784833E-02  1.37867897E-01  1.56917593E-01
 -1.26381320E-02 -1.78691054E-01 -5.06849473E-01  0.00000000E+00 -3.54906025E-03
 -1.95509221E-02  2.81394776E-02  0.00000000E+00
MO  9                     OCC NO =   0.00000000 ORB. ENERGY =   0.00000000
  0.00000000E+00  0.00000000E+00  0.00000000E+00  0.00000000E+00  0.00000000E+00
  2.79965781E-01  0.00000000E+00  0.00000000E+00  0.00000000E+00 -1.23841694E-01
  0.00000000E+00 -2.42670382E-02 -4.11627453E-02 -4.68503478E-02  2.89956474E-02
  3.01814183E-01 -2.42791719E-01  0.00000000E+00  4.61594799E-03 -1.15769693E-01
  7.66772975E-02  0.00000000E+00  2.42670382E-02  4.11627453E-02  4.68503478E-02
 -2.89956474E-02 -3.01814183E-01 -2.42791719E-01  0.00000000E+00 -4.61594799E-03
  1.15769693E-01  7.66772975E-02  0.00000000E+00
MO 10                     OCC NO =   0.00000000 ORB. ENERGY =   0.00000000
  0.00000000E+00  0.00000000E+00  0.00000000E+00  0.00000000E+00  0.00000000E+00
  7.69909145E-01  0.00000000E+00  0.00000000E+00  0.00000000E+00 -1.22272213E-02
  0.00000000E+00 -3.38825149E-01 -5.74729112E-01 -6.54141471E-01 -4.60125708E-03
 -4.14935715E-01  1.48859889E+00  0.00000000E+00 -5.07218443E-03 -8.14256545E-03
  1.87611573E-03  0.00000000E+00  3.38825149E-01  5.74729112E-01  6.54141471E-01
  4.60125708E-03  4.14935715E-01  1.48859889E+00  0.00000000E+00  5.07218443E-03
  8.14256545E-03  1.87611573E-03  0.00000000E+00
MO 11                     OCC NO =   0.00000000 ORB. ENERGY =   0.00000000
  0.00000000E+00  0.00000000E+00  0.00000000E+00  0.00000000E+00  0.00000000E+00
 -1.32002348E-01  0.00000000E+00  0.00000000E+00  0.00000000E+00  2.44221474E-02
  0.00000000E+00 -4.57351860E-03 -7.75778981E-03 -8.82971113E-03 -1.89979237E-02
  7.38146351E-02 -2.59853047E-01  0.00000000E+00 -2.26666620E-01 -1.98987057E-02
  5.88877166E-02  0.00000000E+00  4.57351860E-03  7.75778981E-03  8.82971113E-03
  1.89979237E-02 -7.38146351E-02 -2.59853047E-01  0.00000000E+00  2.26666620E-01
  1.98987057E-02  5.88877166E-02  0.00000000E+00
MO 12                     OCC NO =   0.00000000 ORB. ENERGY =   0.00000000
  0.00000000E+00  0.00000000E+00  0.00000000E+00  0.00000000E+00  0.00000000E+00
 -2.65622469E-01  0.00000000E+00  0.00000000E+00  0.00000000E+00  5.84584703E-01
  0.00000000E+00  9.60420859E-03  1.62910525E-02  1.85420449E-02 -6.35661720E+00
  1.81940086E-01 -5.80751942E-01  0.00000000E+00  1.40338276E-01 -4.59670400E-01
  1.38075719E+00  0.00000000E+00 -9.60420859E-03 -1.62910525E-02 -1.85420449E-02
  6.35661720E+00 -1.81940086E-01 -5.80751942E-01  0.00000000E+00 -1.40338276E-01
  4.59670400E-01  1.38075719E+00  0.00000000E+00
MO 13                     OCC NO =   0.00000000 ORB. ENERGY =   0.00000000
 -2.18148428E-02 -3.70032309E-02 -4.21160985E-02 -1.29863390E-02 -1.02646513E-01
  0.00000000E+00  0.00000000E+00 -1.12108630E-03 -2.88814763E-02  0.00000000E+00
  0.00000000E+00  1.09074214E-02  1.85016155E-02  2.10580493E-02  6.49316952E-03
 -1.55969654E-01 -3.07861301E-02  0.00000000E+00  5.60543152E-04 -3.28648509E-02
 -2.29980242E-03  0.00000000E+00  1.09074214E-02  1.85016155E-02  2.10580493E-02
  6.49316952E-03 -1.55969654E-01  3.07861301E-02  0.00000000E+00  5.60543152E-04
 -3.28648509E-02  2.29980242E-03  0.00000000E+00
MO 14                     OCC NO =   0.00000000 ORB. ENERGY =   0.00000000
 -1.94664018E-03 -3.30197090E-03 -3.75821593E-03 -1.16920115E-02 -2.83558567E-01
  0.00000000E+00  0.00000000E+00 -1.48168544E-03 -3.46407421E-02  0.00000000E+00
  0.00000000E+00  9.73320089E-04  1.65098545E-03  1.87910796E-03  5.84600575E-03
  3.86183655E-01  3.86675852E-01  0.00000000E+00  7.40842720E-04 -1.15395368E-02
  1.33374871E-02  0.00000000E+00  9.73320089E-04  1.65098545E-03  1.87910796E-03
  5.84600575E-03  3.86183655E-01 -3.86675852E-01  0.00000000E+00  7.40842720E-04
 -1.15395368E-02 -1.33374871E-02  0.00000000E+00
MO 15                     OCC NO =   0.00000000 ORB. ENERGY =   0.00000000
 -9.38523084E-02 -1.59196134E-01 -1.81192829E-01  1.45932578E-02 -6.10016801E-01
  0.00000000E+00  0.00000000E+00  4.09810178E-03  1.68517474E-02  0.00000000E+00
  0.00000000E+00  4.69261542E-02  7.95980672E-02  9.05964143E-02 -7.29662888E-03
 -3.00514817E-01  1.78691054E-01  0.00000000E+00 -2.04905089E-03  5.07149379E-02
  1.95509221E-02  0.00000000E+00  4.69261542E-02  7.95980672E-02  9.05964143E-02
 -7.29662888E-03 -3.00514817E-01 -1.78691054E-01  0.00000000E+00 -2.04905089E-03
  5.07149379E-02 -1.95509221E-02  0.00000000E+00
MO 16                     OCC NO =   0.00000000 ORB. ENERGY =   0.00000000
 -2.80211620E-02 -4.75306442E-02 -5.40981218E-02  3.34812897E-02 -4.17044219E-01
  0.00000000E+00  0.00000000E+00  5.33003763E-03  1.43516961E-01  0.00000000E+00
  0.00000000E+00  1.40105810E-02  2.37653221E-02  2.70490609E-02 -1.67406448E-02
  1.05713281E-01  3.01814183E-01  0.00000000E+00 -2.66501882E-03 -5.70020299E-02
 -1.15769693E-01  0.00000000E+00  1.40105810E-02  2.37653221E-02  2.70490609E-02
 -1.67406448E-02  1.05713281E-01 -3.01814183E-01  0.00000000E+00 -2.66501882E-03
 -5.70020299E-02  1.15769693E-01  0.00000000E+00
MO 17                     OCC NO =   0.00000000 ORB. ENERGY =   0.00000000
 -3.91241581E-01 -6.63640015E-01 -7.55337509E-01 -5.31307403E-03  1.72816213E+00
  0.00000000E+00  0.00000000E+00 -5.85685409E-03  6.57722809E-03  0.00000000E+00
  0.00000000E+00  1.95620791E-01  3.31820007E-01  3.77668754E-01  2.65653702E-03
  1.00947239E+00 -4.14935715E-01  0.00000000E+00  2.92842705E-03 -7.52610897E-03
 -8.14256545E-03  0.00000000E+00  1.95620791E-01  3.31820007E-01  3.77668754E-01
  2.65653702E-03  1.00947239E+00  4.14935715E-01  0.00000000E+00  2.92842705E-03
 -7.52610897E-03  8.14256545E-03  0.00000000E+00
MO 18                     OCC NO =   0.00000000 ORB. ENERGY =   0.00000000
 -5.28104439E-03 -8.95792407E-03 -1.01956722E-02 -2.19369128E-02 -3.02469946E-01
  0.00000000E+00  0.00000000E+00 -2.61732068E-01  7.03762396E-02  0.00000000E+00
  0.00000000E+00  2.64052220E-03  4.47896204E-03  5.09783610E-03  1.09684564E-02
 -1.74619248E-01  7.38146351E-02  0.00000000E+00  1.30866034E-01  3.59106704E-02
 -1.98987057E-02  0.00000000E+00  2.64052220E-03  4.47896204E-03  5.09783610E-03
  1.09684564E-02 -1.74619248E-01 -7.38146351E-02  0.00000000E+00  1.30866034E-01
  3.59106704E-02  1.98987057E-02  0.00000000E+00
MO 19                     OCC NO =   0.00000000 ORB. ENERGY =   0.00000000
  1.10899848E-02  1.88112870E-02  2.14105093E-02 -7.33998930E+00 -6.85795100E-01
  0.00000000E+00  0.00000000E+00  1.62048683E-01  1.64614802E+00  0.00000000E+00
  0.00000000E+00 -5.54499241E-03 -9.40564352E-03 -1.07052546E-02  3.66999465E+00
 -3.70665626E-01  1.81940086E-01  0.00000000E+00 -8.10243414E-02  8.49975532E-01
 -4.59670400E-01  0.00000000E+00 -5.54499241E-03 -9.40564352E-03 -1.07052546E-02
  3.66999465E+00 -3.70665626E-01 -1.81940086E-01  0.00000000E+00 -8.10243414E-02
  8.49975532E-01  4.59670400E-01  0.00000000E+00
MO 20                     OCC NO =   0.00000000 ORB. ENERGY =   0.00000000
  0.00000000E+00  0.00000000E+00  0.00000000E+00  0.00000000E+00  0.00000000E+00
  0.00000000E+00  9.35897152E-01  0.00000000E+00  0.00000000E+00  0.00000000E+00
  3.14996454E-02  0.00000000E+00  0.00000000E+00  0.00000000E+00  0.00000000E+00
  0.00000000E+00  0.00000000E+00 -4.67948576E-01  0.00000000E+00  0.00000000E+00
  0.00000000E+00 -1.57498227E-02  0.00000000E+00  0.00000000E+00  0.00000000E+00
  0.00000000E+00  0.00000000E+00  0.00000000E+00 -4.67948576E-01  0.00000000E+00
  0.00000000E+00  0.00000000E+00 -1.57498227E-02
MO 21                     OCC NO =   0.00000000 ORB. ENERGY =   0.00000000
  0.00000000E+00  0.00000000E+00  0.00000000E+00  0.00000000E+00  0.00000000E+00
  0.00000000E+00 -5.32250378E-01  0.00000000E+00  0.00000000E+00  0.00000000E+00
  2.61969176E-01  0.00000000E+00  0.00000000E+00  0.00000000E+00  0.00000000E+00
  0.00000000E+00  0.00000000E+00  2.66125189E-01  0.00000000E+00  0.00000000E+00
  0.00000000E+00 -1.30984588E-01  0.00000000E+00  0.00000000E+00  0.00000000E+00
  0.00000000E+00  0.00000000E+00  0.00000000E+00  2.66125189E-01  0.00000000E+00
  0.00000000E+00  0.00000000E+00 -1.30984588E-01
MO 22                     OCC NO =   0.00000000 ORB. ENERGY =   0.00000000
  0.00000000E+00  0.00000000E+00  0.00000000E+00  0.00000000E+00  0.00000000E+00
  0.00000000E+00  0.00000000E+00  0.00000000E+00  0.00000000E+00  0.00000000E+00
  0.00000000E+00  0.00000000E+00  0.00000000E+00  0.00000000E+00  0.00000000E+00
  0.00000000E+00  0.00000000E+00 -8.10510709E-01  0.00000000E+00  0.00000000E+00
  0.00000000E+00 -2.72794931E-02  0.00000000E+00  0.00000000E+00  0.00000000E+00
  0.00000000E+00  0.00000000E+00  0.00000000E+00  8.10510709E-01  0.00000000E+00
  0.00000000E+00  0.00000000E+00  2.72794931E-02
MO 23                     OCC NO =   0.00000000 ORB. ENERGY =   0.00000000
  0.00000000E+00  0.00000000E+00  0.00000000E+00  0.00000000E+00  0.00000000E+00
  0.00000000E+00  0.00000000E+00  0.00000000E+00  0.00000000E+00  0.00000000E+00
  0.00000000E+00  0.00000000E+00  0.00000000E+00  0.00000000E+00  0.00000000E+00
  0.00000000E+00  0.00000000E+00  4.60942348E-01  0.00000000E+00  0.00000000E+00
  0.00000000E+00 -2.26871962E-01  0.00000000E+00  0.00000000E+00  0.00000000E+00
  0.00000000E+00  0.00000000E+00  0.00000000E+00 -4.60942348E-01  0.00000000E+00
  0.00000000E+00  0.00000000E+00  2.26871962E-01
MO 24                     OCC NO =   0.00000000 ORB. ENERGY =   0.00000000
  0.00000000E+00  0.00000000E+00  0.00000000E+00  0.00000000E+00  0.00000000E+00
  0.00000000E+00  1.67958430E-01  0.00000000E+00  0.00000000E+00  0.00000000E+00
  3.16302205E-02  0.00000000E+00  0.00000000E+00  0.00000000E+00  0.00000000E+00
  0.00000000E+00  0.00000000E+00  1.67958430E-01  0.00000000E+00  0.00000000E+00
  0.00000000E+00  3.16302205E-02  0.00000000E+00  0.00000000E+00  0.00000000E+00
  0.00000000E+00  0.00000000E+00  0.00000000E+00  1.67958430E-01  0.00000000E+00
  0.00000000E+00  0.00000000E+00  3.16302205E-02
MO 25                     OCC NO =   0.00000000 ORB. ENERGY =   0.00000000
  0.00000000E+00  0.00000000E+00  0.00000000E+00  0.00000000E+00  0.00000000E+00
  0.00000000E+00  4.61927699E-01  0.00000000E+00  0.00000000E+00  0.00000000E+00
 -4.06336044E-02  0.00000000E+00  0.00000000E+00  0.00000000E+00  0.00000000E+00
  0.00000000E+00  0.00000000E+00  4.61927699E-01  0.00000000E+00  0.00000000E+00
  0.00000000E+00 -4.06336044E-02  0.00000000E+00  0.00000000E+00  0.00000000E+00
  0.00000000E+00  0.00000000E+00  0.00000000E+00  4.61927699E-01  0.00000000E+00
  0.00000000E+00  0.00000000E+00 -4.06336044E-02
MO 26                     OCC NO =   0.00000000 ORB. ENERGY =   0.00000000
  0.00000000E+00  0.00000000E+00  0.00000000E+00  0.00000000E+00  0.00000000E+00
  1.09455324E+00  0.00000000E+00  0.00000000E+00  0.00000000E+00  1.10975930E-02
  0.00000000E+00  0.00000000E+00  0.00000000E+00  0.00000000E+00  0.00000000E+00
 -9.47910913E-01 -5.47276621E-01  0.00000000E+00  0.00000000E+00 -9.61079746E-03
 -5.54879650E-03  0.00000000E+00  0.00000000E+00  0.00000000E+00  0.00000000E+00
  0.00000000E+00  9.47910913E-01 -5.47276621E-01  0.00000000E+00  0.00000000E+00
  9.61079746E-03 -5.54879650E-03  0.00000000E+00
MO 27                     OCC NO =  -0.00000000 ORB. ENERGY =   0.00000000
  1.25875998E-01  2.13516030E-01  2.43018297E-01 -5.80834005E-02  4.09659838E-01
  0.00000000E+00  0.00000000E+00  4.02433440E-03  6.29914170E-02  0.00000000E+00
  0.00000000E+00  1.25875998E-01  2.13516030E-01  2.43018297E-01 -5.80834005E-02
 -2.04829919E-01  3.54775826E-01  0.00000000E+00  4.02433440E-03 -3.14957085E-02
  5.45521673E-02  0.00000000E+00  1.25875998E-01  2.13516030E-01  2.43018297E-01
 -5.80834005E-02 -2.04829919E-01 -3.54775826E-01  0.00000000E+00  4.02433440E-03
 -3.14957085E-02 -5.45521673E-02  0.00000000E+00
END DATA
UHF      ENERGY =       -1.4283050288   VIRIAL(-V/T)  =   2.04011728
----- END OF INPUT FILE FOR BADER'S AIMPAC PROGRAM -----
